2482
0 9.5
5 9.5
5.1 0
999 0
1000 9.5
1005 9.5
1005.1 0
1999 0
2000 9.5
2005 9.5
2005.1 0
2999 0
3000 9.5
3005 9.5
3005.1 0
3999 0
4000 9.5
4005 9.5
4005.1 0
4999 0
5000 9.5
5005 9.5
5005.1 0
5999 0
6000 9.5
6005 9.5
6005.1 0
6999 0
7000 9.5
7005 9.5
7005.1 0
7999 0
8000 9.5
8005 9.5
8005.1 0
8999 0
9000 9.5
9005 9.5
9005.1 0
9999 0
10000 9.5
10005 9.5
10005.1 0
10999 0
11000 9.5
11005 9.5
11005.1 0
11999 0
12000 9.5
12005 9.5
12005.1 0
12999 0
13000 9.5
13005 9.5
13005.1 0
13999 0
14000 9.5
14005 9.5
14005.1 0
14999 0
15000 9.5
15005 9.5
15005.1 0
15999 0
16000 9.5
16005 9.5
16005.1 0
16999 0
17000 9.5
17005 9.5
17005.1 0
17999 0
18000 9.5
18005 9.5
18005.1 0
18999 0
19000 9.5
19005 9.5
19005.1 0
19999 0
20000 9.5
20005 9.5
20005.1 0
20999 0
21000 9.5
21005 9.5
21005.1 0
21999 0
22000 9.5
22005 9.5
22005.1 0
22999 0
23000 9.5
23005 9.5
23005.1 0
23999 0
24000 9.5
24005 9.5
24005.1 0
24999 0
25000 9.5
25005 9.5
25005.1 0
25999 0
26000 9.5
26005 9.5
26005.1 0
26999 0
27000 9.5
27005 9.5
27005.1 0
27999 0
28000 9.5
28005 9.5
28005.1 0
28999 0
29000 9.5
29005 9.5
29005.1 0
29999 0
30000 9.5
30005 9.5
30005.1 0
30999 0
31000 9.5
31005 9.5
31005.1 0
31999 0
32000 9.5
32005 9.5
32005.1 0
32999 0
33000 9.5
33005 9.5
33005.1 0
33999 0
34000 9.5
34005 9.5
34005.1 0
34999 0
35000 9.5
35005 9.5
35005.1 0
35999 0
36000 9.5
36005 9.5
36005.1 0
36999 0
37000 9.5
37005 9.5
37005.1 0
37999 0
38000 9.5
38005 9.5
38005.1 0
38999 0
39000 9.5
39005 9.5
39005.1 0
39999 0
40000 9.5
40005 9.5
40005.1 0
40999 0
41000 9.5
41005 9.5
41005.1 0
41999 0
42000 9.5
42005 9.5
42005.1 0
42999 0
43000 9.5
43005 9.5
43005.1 0
43999 0
44000 9.5
44005 9.5
44005.1 0
44999 0
45000 9.5
45005 9.5
45005.1 0
45999 0
46000 9.5
46005 9.5
46005.1 0
46999 0
47000 9.5
47005 9.5
47005.1 0
47999 0
48000 9.5
48005 9.5
48005.1 0
48999 0
49000 9.5
49005 9.5
49005.1 0
49999 0
50000 9.5
50005 9.5
50005.1 0
50999 0
51000 9.5
51005 9.5
51005.1 0
51999 0
52000 9.5
52005 9.5
52005.1 0
52999 0
53000 9.5
53005 9.5
53005.1 0
53999 0
54000 9.5
54005 9.5
54005.1 0
54999 0
55000 9.5
55005 9.5
55005.1 0
55999 0
56000 9.5
56005 9.5
56005.1 0
56999 0
57000 9.5
57005 9.5
57005.1 0
57999 0
58000 9.5
58005 9.5
58005.1 0
58999 0
59000 9.5
59005 9.5
59005.1 0
59999 0
60000 9.5
60005 9.5
60005.1 0
60999 0
61000 9.5
61005 9.5
61005.1 0
61999 0
62000 9.5
62005 9.5
62005.1 0
62999 0
63000 9.5
63005 9.5
63005.1 0
63999 0
64000 9.5
64005 9.5
64005.1 0
64999 0
65000 9.5
65005 9.5
65005.1 0
65999 0
66000 9.5
66005 9.5
66005.1 0
66999 0
67000 9.5
67005 9.5
67005.1 0
67999 0
68000 9.5
68005 9.5
68005.1 0
68999 0
69000 9.5
69005 9.5
69005.1 0
69999 0
70000 9.5
70005 9.5
70005.1 0
70999 0
71000 9.5
71005 9.5
71005.1 0
71999 0
72000 9.5
72005 9.5
72005.1 0
72999 0
73000 9.5
73005 9.5
73005.1 0
73999 0
74000 9.5
74005 9.5
74005.1 0
74999 0
75000 9.5
75005 9.5
75005.1 0
75999 0
76000 9.5
76005 9.5
76005.1 0
76999 0
77000 9.5
77005 9.5
77005.1 0
77999 0
78000 9.5
78005 9.5
78005.1 0
78999 0
79000 9.5
79005 9.5
79005.1 0
79999 0
80000 9.5
80005 9.5
80005.1 0
80999 0
81000 9.5
81005 9.5
81005.1 0
81999 0
82000 9.5
82005 9.5
82005.1 0
82999 0
83000 9.5
83005 9.5
83005.1 0
83999 0
84000 9.5
84005 9.5
84005.1 0
84999 0
85000 9.5
85005 9.5
85005.1 0
85999 0
86000 9.5
86005 9.5
86005.1 0
86999 0
87000 9.5
87005 9.5
87005.1 0
87999 0
88000 9.5
88005 9.5
88005.1 0
88999 0
89000 9.5
89005 9.5
89005.1 0
89999 0
90000 9.5
90005 9.5
90005.1 0
90999 0
91000 9.5
91005 9.5
91005.1 0
91999 0
92000 9.5
92005 9.5
92005.1 0
92999 0
93000 9.5
93005 9.5
93005.1 0
93999 0
94000 9.5
94005 9.5
94005.1 0
94999 0
95000 9.5
95005 9.5
95005.1 0
95999 0
96000 9.5
96005 9.5
96005.1 0
96999 0
97000 9.5
97005 9.5
97005.1 0
97999 0
98000 9.5
98005 9.5
98005.1 0
98999 0
99000 9.5
99005 9.5
99005.1 0
99999 0
100000 9.5
100005 9.5
100005.1 0
100999 0
101000 9.5
101005 9.5
101005.1 0
101999 0
102000 9.5
102005 9.5
102005.1 0
102999 0
103000 9.5
103005 9.5
103005.1 0
103999 0
104000 9.5
104005 9.5
104005.1 0
104999 0
105000 9.5
105005 9.5
105005.1 0
105999 0
106000 9.5
106005 9.5
106005.1 0
106999 0
107000 9.5
107005 9.5
107005.1 0
107999 0
108000 9.5
108005 9.5
108005.1 0
108999 0
109000 9.5
109005 9.5
109005.1 0
109999 0
110000 9.5
110005 9.5
110005.1 0
110999 0
111000 9.5
111005 9.5
111005.1 0
111999 0
112000 9.5
112005 9.5
112005.1 0
112999 0
113000 9.5
113005 9.5
113005.1 0
113999 0
114000 9.5
114005 9.5
114005.1 0
114999 0
115000 9.5
115005 9.5
115005.1 0
115999 0
116000 9.5
116005 9.5
116005.1 0
116999 0
117000 9.5
117005 9.5
117005.1 0
117999 0
118000 9.5
118005 9.5
118005.1 0
118999 0
119000 9.5
119005 9.5
119005.1 0
119999 0
120000 9.5
120005 9.5
120005.1 0
120999 0
121000 9.5
121005 9.5
121005.1 0
121999 0
122000 9.5
122005 9.5
122005.1 0
122999 0
123000 9.5
123005 9.5
123005.1 0
123999 0
124000 9.5
124005 9.5
124005.1 0
124999 0
125000 9.5
125005 9.5
125005.1 0
125999 0
126000 9.5
126005 9.5
126005.1 0
126999 0
127000 9.5
127005 9.5
127005.1 0
127999 0
128000 9.5
128005 9.5
128005.1 0
128999 0
129000 9.5
129005 9.5
129005.1 0
129999 0
130000 9.5
130005 9.5
130005.1 0
130999 0
131000 9.5
131005 9.5
131005.1 0
131999 0
132000 9.5
132005 9.5
132005.1 0
132999 0
133000 9.5
133005 9.5
133005.1 0
133999 0
134000 9.5
134005 9.5
134005.1 0
134999 0
135000 9.5
135005 9.5
135005.1 0
135999 0
136000 9.5
136005 9.5
136005.1 0
136999 0
137000 9.5
137005 9.5
137005.1 0
137999 0
138000 9.5
138005 9.5
138005.1 0
138999 0
139000 9.5
139005 9.5
139005.1 0
139999 0
140000 9.5
140005 9.5
140005.1 0
140999 0
141000 9.5
141005 9.5
141005.1 0
141999 0
142000 9.5
142005 9.5
142005.1 0
142999 0
143000 9.5
143005 9.5
143005.1 0
143999 0
144000 9.5
144005 9.5
144005.1 0
144999 0
145000 9.5
145005 9.5
145005.1 0
145999 0
146000 9.5
146005 9.5
146005.1 0
146999 0
147000 9.5
147005 9.5
147005.1 0
147999 0
148000 9.5
148005 9.5
148005.1 0
148999 0
149000 9.5
149005 9.5
149005.1 0
149999 0
150000 9.5
150005 9.5
150005.1 0
150999 0
151000 9.5
151005 9.5
151005.1 0
151999 0
152000 9.5
152005 9.5
152005.1 0
152999 0
153000 9.5
153005 9.5
153005.1 0
153999 0
154000 9.5
154005 9.5
154005.1 0
154999 0
155000 9.5
155005 9.5
155005.1 0
155999 0
156000 9.5
156005 9.5
156005.1 0
156999 0
157000 9.5
157005 9.5
157005.1 0
157999 0
158000 9.5
158005 9.5
158005.1 0
158999 0
159000 9.5
159005 9.5
159005.1 0
159999 0
160000 9.5
160005 9.5
160005.1 0
160999 0
161000 9.5
161005 9.5
161005.1 0
161999 0
162000 9.5
162005 9.5
162005.1 0
162999 0
163000 9.5
163005 9.5
163005.1 0
163999 0
164000 9.5
164005 9.5
164005.1 0
164999 0
165000 9.5
165005 9.5
165005.1 0
165999 0
166000 9.5
166005 9.5
166005.1 0
166999 0
167000 9.5
167005 9.5
167005.1 0
167999 0
168000 9.5
168005 9.5
168005.1 0
168999 0
169000 9.5
169005 9.5
169005.1 0
169999 0
170000 9.5
170005 9.5
170005.1 0
170999 0
171000 9.5
171005 9.5
171005.1 0
171999 0
172000 9.5
172005 9.5
172005.1 0
172999 0
173000 9.5
173005 9.5
173005.1 0
173999 0
174000 9.5
174005 9.5
174005.1 0
174999 0
175000 9.5
175005 9.5
175005.1 0
175999 0
176000 9.5
176005 9.5
176005.1 0
176999 0
177000 9.5
177005 9.5
177005.1 0
177999 0
178000 9.5
178005 9.5
178005.1 0
178999 0
179000 9.5
179005 9.5
179005.1 0
179999 0
180000 9.5
180005 9.5
180005.1 0
180999 0
181000 9.5
181005 9.5
181005.1 0
181999 0
182000 9.5
182005 9.5
182005.1 0
182999 0
183000 9.5
183005 9.5
183005.1 0
183999 0
184000 9.5
184005 9.5
184005.1 0
184999 0
185000 9.5
185005 9.5
185005.1 0
185999 0
186000 9.5
186005 9.5
186005.1 0
186999 0
187000 9.5
187005 9.5
187005.1 0
187999 0
188000 9.5
188005 9.5
188005.1 0
188999 0
189000 9.5
189005 9.5
189005.1 0
189999 0
190000 9.5
190005 9.5
190005.1 0
190999 0
191000 9.5
191005 9.5
191005.1 0
191999 0
192000 9.5
192005 9.5
192005.1 0
192999 0
193000 9.5
193005 9.5
193005.1 0
193999 0
194000 9.5
194005 9.5
194005.1 0
194999 0
195000 9.5
195005 9.5
195005.1 0
195999 0
196000 9.5
196005 9.5
196005.1 0
196999 0
197000 9.5
197005 9.5
197005.1 0
197999 0
198000 9.5
198005 9.5
198005.1 0
198999 0
199000 9.5
199005 9.5
199005.1 0
199999 0
200000 9.5
200005 9.5
200005.1 0
200999 0
201000 9.5
201005 9.5
201005.1 0
201999 0
202000 9.5
202005 9.5
202005.1 0
202999 0
203000 9.5
203005 9.5
203005.1 0
203999 0
204000 9.5
204005 9.5
204005.1 0
204999 0
205000 9.5
205005 9.5
205005.1 0
205999 0
206000 9.5
206005 9.5
206005.1 0
206999 0
207000 9.5
207005 9.5
207005.1 0
207999 0
208000 9.5
208005 9.5
208005.1 0
208999 0
209000 9.5
209005 9.5
209005.1 0
209999 0
210000 9.5
210005 9.5
210005.1 0
210999 0
211000 9.5
211005 9.5
211005.1 0
211999 0
212000 9.5
212005 9.5
212005.1 0
212999 0
213000 9.5
213005 9.5
213005.1 0
213999 0
214000 9.5
214005 9.5
214005.1 0
214999 0
215000 9.5
215005 9.5
215005.1 0
215999 0
216000 9.5
216005 9.5
216005.1 0
216999 0
217000 9.5
217005 9.5
217005.1 0
217999 0
218000 9.5
218005 9.5
218005.1 0
218999 0
219000 9.5
219005 9.5
219005.1 0
219999 0
220000 9.5
220005 9.5
220005.1 0
220999 0
221000 9.5
221005 9.5
221005.1 0
221999 0
222000 9.5
222005 9.5
222005.1 0
222999 0
223000 9.5
223005 9.5
223005.1 0
223999 0
224000 9.5
224005 9.5
224005.1 0
224999 0
225000 9.5
225005 9.5
225005.1 0
225999 0
226000 9.5
226005 9.5
226005.1 0
226999 0
227000 9.5
227005 9.5
227005.1 0
227999 0
228000 9.5
228005 9.5
228005.1 0
228999 0
229000 9.5
229005 9.5
229005.1 0
229999 0
230000 9.5
230005 9.5
230005.1 0
230999 0
231000 9.5
231005 9.5
231005.1 0
231999 0
232000 9.5
232005 9.5
232005.1 0
232999 0
233000 9.5
233005 9.5
233005.1 0
233999 0
234000 9.5
234005 9.5
234005.1 0
234999 0
235000 9.5
235005 9.5
235005.1 0
235999 0
236000 9.5
236005 9.5
236005.1 0
236999 0
237000 9.5
237005 9.5
237005.1 0
237999 0
238000 9.5
238005 9.5
238005.1 0
238999 0
239000 9.5
239005 9.5
239005.1 0
239999 0
240000 9.5
240005 9.5
240005.1 0
240999 0
241000 9.5
241005 9.5
241005.1 0
241999 0
242000 9.5
242005 9.5
242005.1 0
242999 0
243000 9.5
243005 9.5
243005.1 0
243999 0
244000 9.5
244005 9.5
244005.1 0
244999 0
245000 9.5
245005 9.5
245005.1 0
245999 0
246000 9.5
246005 9.5
246005.1 0
246999 0
247000 9.5
247005 9.5
247005.1 0
247999 0
248000 9.5
248005 9.5
248005.1 0
248999 0
249000 9.5
249005 9.5
249005.1 0
249999 0
250000 9.5
250005 9.5
250005.1 0
250999 0
251000 9.5
251005 9.5
251005.1 0
251999 0
252000 9.5
252005 9.5
252005.1 0
252999 0
253000 9.5
253005 9.5
253005.1 0
253999 0
254000 9.5
254005 9.5
254005.1 0
254999 0
255000 9.5
255005 9.5
255005.1 0
255999 0
256000 9.5
256005 9.5
256005.1 0
256999 0
257000 9.5
257005 9.5
257005.1 0
257999 0
258000 9.5
258005 9.5
258005.1 0
258999 0
259000 9.5
259005 9.5
259005.1 0
259999 0
260000 9.5
260005 9.5
260005.1 0
260999 0
261000 9.5
261005 9.5
261005.1 0
261999 0
262000 9.5
262005 9.5
262005.1 0
262999 0
263000 9.5
263005 9.5
263005.1 0
263999 0
264000 9.5
264005 9.5
264005.1 0
264999 0
265000 9.5
265005 9.5
265005.1 0
265999 0
266000 9.5
266005 9.5
266005.1 0
266999 0
267000 9.5
267005 9.5
267005.1 0
267999 0
268000 9.5
268005 9.5
268005.1 0
268999 0
269000 9.5
269005 9.5
269005.1 0
269999 0
270000 9.5
270005 9.5
270005.1 0
270999 0
271000 9.5
271005 9.5
271005.1 0
271999 0
272000 9.5
272005 9.5
272005.1 0
272999 0
273000 9.5
273005 9.5
273005.1 0
273999 0
274000 9.5
274005 9.5
274005.1 0
274999 0
275000 9.5
275005 9.5
275005.1 0
275999 0
276000 9.5
276005 9.5
276005.1 0
276999 0
277000 9.5
277005 9.5
277005.1 0
277999 0
278000 9.5
278005 9.5
278005.1 0
278999 0
279000 9.5
279005 9.5
279005.1 0
279999 0
280000 9.5
280005 9.5
280005.1 0
280999 0
281000 9.5
281005 9.5
281005.1 0
281999 0
282000 9.5
282005 9.5
282005.1 0
282999 0
283000 9.5
283005 9.5
283005.1 0
283999 0
284000 9.5
284005 9.5
284005.1 0
284999 0
285000 9.5
285005 9.5
285005.1 0
285999 0
286000 9.5
286005 9.5
286005.1 0
286999 0
287000 9.5
287005 9.5
287005.1 0
287999 0
288000 9.5
288005 9.5
288005.1 0
288999 0
289000 9.5
289005 9.5
289005.1 0
289999 0
290000 9.5
290005 9.5
290005.1 0
290999 0
291000 9.5
291005 9.5
291005.1 0
291999 0
292000 9.5
292005 9.5
292005.1 0
292999 0
293000 9.5
293005 9.5
293005.1 0
293999 0
294000 9.5
294005 9.5
294005.1 0
294999 0
295000 9.5
295005 9.5
295005.1 0
295999 0
296000 9.5
296005 9.5
296005.1 0
296999 0
297000 9.5
297005 9.5
297005.1 0
297999 0
298000 9.5
298005 9.5
298005.1 0
298999 0
299000 9.5
299005 9.5
299005.1 0
299999 0
300000 9.5
300005 9.5
300005.1 0
300999 0
301000 9.5
301005 9.5
301005.1 0
301999 0
302000 9.5
302005 9.5
302005.1 0
302999 0
303000 9.5
303005 9.5
303005.1 0
303999 0
304000 9.5
304005 9.5
304005.1 0
304999 0
305000 9.5
305005 9.5
305005.1 0
305999 0
306000 9.5
306005 9.5
306005.1 0
306999 0
307000 9.5
307005 9.5
307005.1 0
307999 0
308000 9.5
308005 9.5
308005.1 0
308999 0
309000 9.5
309005 9.5
309005.1 0
309999 0
310000 9.5
310005 9.5
310005.1 0
310999 0
311000 9.5
311005 9.5
311005.1 0
311999 0
312000 9.5
312005 9.5
312005.1 0
312999 0
313000 9.5
313005 9.5
313005.1 0
313999 0
314000 9.5
314005 9.5
314005.1 0
314999 0
315000 9.5
315005 9.5
315005.1 0
315999 0
316000 9.5
316005 9.5
316005.1 0
316999 0
317000 9.5
317005 9.5
317005.1 0
317999 0
318000 9.5
318005 9.5
318005.1 0
318999 0
319000 9.5
319005 9.5
319005.1 0
319999 0
320000 9.5
320005 9.5
320005.1 0
320999 0
321000 9.5
321005 9.5
321005.1 0
321999 0
322000 9.5
322005 9.5
322005.1 0
322999 0
323000 9.5
323005 9.5
323005.1 0
323999 0
324000 9.5
324005 9.5
324005.1 0
324999 0
325000 9.5
325005 9.5
325005.1 0
325999 0
326000 9.5
326005 9.5
326005.1 0
326999 0
327000 9.5
327005 9.5
327005.1 0
327999 0
328000 9.5
328005 9.5
328005.1 0
328999 0
329000 9.5
329005 9.5
329005.1 0
329999 0
330000 9.5
330005 9.5
330005.1 0
330999 0
331000 9.5
331005 9.5
331005.1 0
331999 0
332000 9.5
332005 9.5
332005.1 0
332999 0
333000 9.5
333005 9.5
333005.1 0
333999 0
334000 9.5
334005 9.5
334005.1 0
334999 0
335000 9.5
335005 9.5
335005.1 0
335999 0
336000 9.5
336005 9.5
336005.1 0
336999 0
337000 9.5
337005 9.5
337005.1 0
337999 0
338000 9.5
338005 9.5
338005.1 0
338999 0
339000 9.5
339005 9.5
339005.1 0
339999 0
340000 9.5
340005 9.5
340005.1 0
340999 0
341000 9.5
341005 9.5
341005.1 0
341999 0
342000 9.5
342005 9.5
342005.1 0
342999 0
343000 9.5
343005 9.5
343005.1 0
343999 0
344000 9.5
344005 9.5
344005.1 0
344999 0
345000 9.5
345005 9.5
345005.1 0
345999 0
346000 9.5
346005 9.5
346005.1 0
346999 0
347000 9.5
347005 9.5
347005.1 0
347999 0
348000 9.5
348005 9.5
348005.1 0
348999 0
349000 9.5
349005 9.5
349005.1 0
349999 0
350000 9.5
350005 9.5
350005.1 0
350999 0
351000 9.5
351005 9.5
351005.1 0
351999 0
352000 9.5
352005 9.5
352005.1 0
352999 0
353000 9.5
353005 9.5
353005.1 0
353999 0
354000 9.5
354005 9.5
354005.1 0
354999 0
355000 9.5
355005 9.5
355005.1 0
355999 0
356000 9.5
356005 9.5
356005.1 0
356999 0
357000 9.5
357005 9.5
357005.1 0
357999 0
358000 9.5
358005 9.5
358005.1 0
358999 0
359000 9.5
359005 9.5
359005.1 0
359999 0
360000 9.5
360005 9.5
360005.1 0
360999 0
361000 9.5
361005 9.5
361005.1 0
361999 0
362000 9.5
362005 9.5
362005.1 0
362999 0
363000 9.5
363005 9.5
363005.1 0
363999 0
364000 9.5
364005 9.5
364005.1 0
364999 0
365000 9.5
365005 9.5
365005.1 0
365999 0
366000 9.5
366005 9.5
366005.1 0
366999 0
367000 9.5
367005 9.5
367005.1 0
367999 0
368000 9.5
368005 9.5
368005.1 0
368999 0
369000 9.5
369005 9.5
369005.1 0
369999 0
370000 9.5
370005 9.5
370005.1 0
370999 0
371000 9.5
371005 9.5
371005.1 0
371999 0
372000 9.5
372005 9.5
372005.1 0
372999 0
373000 9.5
373005 9.5
373005.1 0
373999 0
374000 9.5
374005 9.5
374005.1 0
374999 0
375000 9.5
375005 9.5
375005.1 0
375999 0
376000 9.5
376005 9.5
376005.1 0
376999 0
377000 9.5
377005 9.5
377005.1 0
377999 0
378000 9.5
378005 9.5
378005.1 0
378999 0
379000 9.5
379005 9.5
379005.1 0
379999 0
380000 9.5
380005 9.5
380005.1 0
380999 0
381000 9.5
381005 9.5
381005.1 0
381999 0
382000 9.5
382005 9.5
382005.1 0
382999 0
383000 9.5
383005 9.5
383005.1 0
383999 0
384000 9.5
384005 9.5
384005.1 0
384999 0
385000 9.5
385005 9.5
385005.1 0
385999 0
386000 9.5
386005 9.5
386005.1 0
386999 0
387000 9.5
387005 9.5
387005.1 0
387999 0
388000 9.5
388005 9.5
388005.1 0
388999 0
389000 9.5
389005 9.5
389005.1 0
389999 0
390000 9.5
390005 9.5
390005.1 0
390999 0
391000 9.5
391005 9.5
391005.1 0
391999 0
392000 9.5
392005 9.5
392005.1 0
392999 0
393000 9.5
393005 9.5
393005.1 0
393999 0
394000 9.5
394005 9.5
394005.1 0
394999 0
395000 9.5
395005 9.5
395005.1 0
395999 0
396000 9.5
396005 9.5
396005.1 0
396999 0
397000 9.5
397005 9.5
397005.1 0
397999 0
398000 9.5
398005 9.5
398005.1 0
398999 0
399000 9.5
399005 9.5
399005.1 0
399999 0
400000 9.5
400005 9.5
400005.1 0
400999 0
401000 9.5
401005 9.5
401005.1 0
401999 0
402000 9.5
402005 9.5
402005.1 0
402999 0
403000 9.5
403005 9.5
403005.1 0
403999 0
404000 9.5
404005 9.5
404005.1 0
404999 0
405000 9.5
405005 9.5
405005.1 0
405999 0
406000 9.5
406005 9.5
406005.1 0
406999 0
407000 9.5
407005 9.5
407005.1 0
407999 0
408000 9.5
408005 9.5
408005.1 0
408999 0
409000 9.5
409005 9.5
409005.1 0
409999 0
410000 9.5
410005 9.5
410005.1 0
410999 0
411000 9.5
411005 9.5
411005.1 0
411999 0
412000 9.5
412005 9.5
412005.1 0
412999 0
413000 9.5
413005 9.5
413005.1 0
413999 0
414000 9.5
414005 9.5
414005.1 0
414999 0
415000 9.5
415005 9.5
415005.1 0
415999 0
416000 9.5
416005 9.5
416005.1 0
416999 0
417000 9.5
417005 9.5
417005.1 0
417999 0
418000 9.5
418005 9.5
418005.1 0
418999 0
419000 9.5
419005 9.5
419005.1 0
419999 0
420000 9.5
420005 9.5
420005.1 0
420999 0
421000 9.5
421005 9.5
421005.1 0
421999 0
422000 9.5
422005 9.5
422005.1 0
422999 0
423000 9.5
423005 9.5
423005.1 0
423999 0
424000 9.5
424005 9.5
424005.1 0
424999 0
425000 9.5
425005 9.5
425005.1 0
425999 0
426000 9.5
426005 9.5
426005.1 0
426999 0
427000 9.5
427005 9.5
427005.1 0
427999 0
428000 9.5
428005 9.5
428005.1 0
428999 0
429000 9.5
429005 9.5
429005.1 0
429999 0
430000 9.5
430005 9.5
430005.1 0
430999 0
431000 9.5
431005 9.5
431005.1 0
431999 0
432000 9.5
432005 9.5
432005.1 0
432999 0
433000 9.5
433005 9.5
433005.1 0
433999 0
434000 9.5
434005 9.5
434005.1 0
434999 0
435000 9.5
435005 9.5
435005.1 0
435999 0
436000 9.5
436005 9.5
436005.1 0
436999 0
437000 9.5
437005 9.5
437005.1 0
437999 0
438000 9.5
438005 9.5
438005.1 0
438999 0
439000 9.5
439005 9.5
439005.1 0
439999 0
440000 9.5
440005 9.5
440005.1 0
440999 0
441000 9.5
441005 9.5
441005.1 0
441999 0
442000 9.5
442005 9.5
442005.1 0
442999 0
443000 9.5
443005 9.5
443005.1 0
443999 0
444000 9.5
444005 9.5
444005.1 0
444999 0
445000 9.5
445005 9.5
445005.1 0
445999 0
446000 9.5
446005 9.5
446005.1 0
446999 0
447000 9.5
447005 9.5
447005.1 0
447999 0
448000 9.5
448005 9.5
448005.1 0
448999 0
449000 9.5
449005 9.5
449005.1 0
449999 0
450000 9.5
450005 9.5
450005.1 0
450999 0
451000 9.5
451005 9.5
451005.1 0
451999 0
452000 9.5
452005 9.5
452005.1 0
452999 0
453000 9.5
453005 9.5
453005.1 0
453999 0
454000 9.5
454005 9.5
454005.1 0
454999 0
455000 9.5
455005 9.5
455005.1 0
455999 0
456000 9.5
456005 9.5
456005.1 0
456999 0
457000 9.5
457005 9.5
457005.1 0
457999 0
458000 9.5
458005 9.5
458005.1 0
458999 0
459000 9.5
459005 9.5
459005.1 0
459999 0
460000 9.5
460005 9.5
460005.1 0
460999 0
461000 9.5
461005 9.5
461005.1 0
461999 0
462000 9.5
462005 9.5
462005.1 0
462999 0
463000 9.5
463005 9.5
463005.1 0
463999 0
464000 9.5
464005 9.5
464005.1 0
464999 0
465000 9.5
465005 9.5
465005.1 0
465999 0
466000 9.5
466005 9.5
466005.1 0
466999 0
467000 9.5
467005 9.5
467005.1 0
467999 0
468000 9.5
468005 9.5
468005.1 0
468999 0
469000 9.5
469005 9.5
469005.1 0
469999 0
470000 9.5
470005 9.5
470005.1 0
470999 0
471000 9.5
471005 9.5
471005.1 0
471999 0
472000 9.5
472005 9.5
472005.1 0
472999 0
473000 9.5
473005 9.5
473005.1 0
473999 0
474000 9.5
474005 9.5
474005.1 0
474999 0
475000 9.5
475005 9.5
475005.1 0
475999 0
476000 9.5
476005 9.5
476005.1 0
476999 0
477000 9.5
477005 9.5
477005.1 0
477999 0
478000 9.5
478005 9.5
478005.1 0
478999 0
479000 9.5
479005 9.5
479005.1 0
479999 0
480000 9.5
480005 9.5
480005.1 0
480999 0
481000 9.5
481005 9.5
481005.1 0
481999 0
482000 9.5
482005 9.5
482005.1 0
482999 0
483000 9.5
483005 9.5
483005.1 0
483999 0
484000 9.5
484005 9.5
484005.1 0
484999 0
485000 9.5
485005 9.5
485005.1 0
485999 0
486000 9.5
486005 9.5
486005.1 0
486999 0
487000 9.5
487005 9.5
487005.1 0
487999 0
488000 9.5
488005 9.5
488005.1 0
488999 0
489000 9.5
489005 9.5
489005.1 0
489999 0
490000 9.5
490005 9.5
490005.1 0
490999 0
491000 9.5
491005 9.5
491005.1 0
491999 0
492000 9.5
492005 9.5
492005.1 0
492999 0
493000 9.5
493005 9.5
493005.1 0
493999 0
494000 9.5
494005 9.5
494005.1 0
494999 0
495000 9.5
495005 9.5
495005.1 0
495999 0
496000 9.5
496005 9.5
496005.1 0
496999 0
497000 9.5
497005 9.5
497005.1 0
497999 0
498000 9.5
498005 9.5
498005.1 0
498999 0
499000 9.5
499005 9.5
499005.1 0
499999 0
500000 9.5
500005 9.5
500005.1 0
500999 0
501000 9.5
501005 9.5
501005.1 0
501999 0
502000 9.5
502005 9.5
502005.1 0
502999 0
503000 9.5
503005 9.5
503005.1 0
503999 0
504000 9.5
504005 9.5
504005.1 0
504999 0
505000 9.5
505005 9.5
505005.1 0
505999 0
506000 9.5
506005 9.5
506005.1 0
506999 0
507000 9.5
507005 9.5
507005.1 0
507999 0
508000 9.5
508005 9.5
508005.1 0
508999 0
509000 9.5
509005 9.5
509005.1 0
509999 0
510000 9.5
510005 9.5
510005.1 0
510999 0
511000 9.5
511005 9.5
511005.1 0
511999 0
512000 9.5
512005 9.5
512005.1 0
512999 0
513000 9.5
513005 9.5
513005.1 0
513999 0
514000 9.5
514005 9.5
514005.1 0
514999 0
515000 9.5
515005 9.5
515005.1 0
515999 0
516000 9.5
516005 9.5
516005.1 0
516999 0
517000 9.5
517005 9.5
517005.1 0
517999 0
518000 9.5
518005 9.5
518005.1 0
518999 0
519000 9.5
519005 9.5
519005.1 0
519999 0
520000 9.5
520005 9.5
520005.1 0
520999 0
521000 9.5
521005 9.5
521005.1 0
521999 0
522000 9.5
522005 9.5
522005.1 0
522999 0
523000 9.5
523005 9.5
523005.1 0
523999 0
524000 9.5
524005 9.5
524005.1 0
524999 0
525000 9.5
525005 9.5
525005.1 0
525999 0
526000 9.5
526005 9.5
526005.1 0
526999 0
527000 9.5
527005 9.5
527005.1 0
527999 0
528000 9.5
528005 9.5
528005.1 0
528999 0
529000 9.5
529005 9.5
529005.1 0
529999 0
530000 9.5
530005 9.5
530005.1 0
530999 0
531000 9.5
531005 9.5
531005.1 0
531999 0
532000 9.5
532005 9.5
532005.1 0
532999 0
533000 9.5
533005 9.5
533005.1 0
533999 0
534000 9.5
534005 9.5
534005.1 0
534999 0
535000 9.5
535005 9.5
535005.1 0
535999 0
536000 9.5
536005 9.5
536005.1 0
536999 0
537000 9.5
537005 9.5
537005.1 0
537999 0
538000 9.5
538005 9.5
538005.1 0
538999 0
539000 9.5
539005 9.5
539005.1 0
539999 0
540000 9.5
540005 9.5
540005.1 0
540999 0
541000 9.5
541005 9.5
541005.1 0
541999 0
542000 9.5
542005 9.5
542005.1 0
542999 0
543000 9.5
543005 9.5
543005.1 0
543999 0
544000 9.5
544005 9.5
544005.1 0
544999 0
545000 9.5
545005 9.5
545005.1 0
545999 0
546000 9.5
546005 9.5
546005.1 0
546999 0
547000 9.5
547005 9.5
547005.1 0
547999 0
548000 9.5
548005 9.5
548005.1 0
548999 0
549000 9.5
549005 9.5
549005.1 0
549999 0
550000 9.5
550005 9.5
550005.1 0
550999 0
551000 9.5
551005 9.5
551005.1 0
551999 0
552000 9.5
552005 9.5
552005.1 0
552999 0
553000 9.5
553005 9.5
553005.1 0
553999 0
554000 9.5
554005 9.5
554005.1 0
554999 0
555000 9.5
555005 9.5
555005.1 0
555999 0
556000 9.5
556005 9.5
556005.1 0
556999 0
557000 9.5
557005 9.5
557005.1 0
557999 0
558000 9.5
558005 9.5
558005.1 0
558999 0
559000 9.5
559005 9.5
559005.1 0
559999 0
560000 9.5
560005 9.5
560005.1 0
560999 0
561000 9.5
561005 9.5
561005.1 0
561999 0
562000 9.5
562005 9.5
562005.1 0
562999 0
563000 9.5
563005 9.5
563005.1 0
563999 0
564000 9.5
564005 9.5
564005.1 0
564999 0
565000 9.5
565005 9.5
565005.1 0
565999 0
566000 9.5
566005 9.5
566005.1 0
566999 0
567000 9.5
567005 9.5
567005.1 0
567999 0
568000 9.5
568005 9.5
568005.1 0
568999 0
569000 9.5
569005 9.5
569005.1 0
569999 0
570000 9.5
570005 9.5
570005.1 0
570999 0
571000 9.5
571005 9.5
571005.1 0
571999 0
572000 9.5
572005 9.5
572005.1 0
572999 0
573000 9.5
573005 9.5
573005.1 0
573999 0
574000 9.5
574005 9.5
574005.1 0
574999 0
575000 9.5
575005 9.5
575005.1 0
575999 0
576000 9.5
576005 9.5
576005.1 0
576999 0
577000 9.5
577005 9.5
577005.1 0
577999 0
578000 9.5
578005 9.5
578005.1 0
578999 0
579000 9.5
579005 9.5
579005.1 0
579999 0
580000 9.5
580005 9.5
580005.1 0
580999 0
581000 9.5
581005 9.5
581005.1 0
581999 0
582000 9.5
582005 9.5
582005.1 0
582999 0
583000 9.5
583005 9.5
583005.1 0
583999 0
584000 9.5
584005 9.5
584005.1 0
584999 0
585000 9.5
585005 9.5
585005.1 0
585999 0
586000 9.5
586005 9.5
586005.1 0
586999 0
587000 9.5
587005 9.5
587005.1 0
587999 0
588000 9.5
588005 9.5
588005.1 0
588999 0
589000 9.5
589005 9.5
589005.1 0
589999 0
590000 9.5
590005 9.5
590005.1 0
590999 0
591000 9.5
591005 9.5
591005.1 0
591999 0
592000 9.5
592005 9.5
592005.1 0
592999 0
593000 9.5
593005 9.5
593005.1 0
593999 0
594000 9.5
594005 9.5
594005.1 0
594999 0
595000 9.5
595005 9.5
595005.1 0
595999 0
596000 9.5
596005 9.5
596005.1 0
596999 0
597000 9.5
597005 9.5
597005.1 0
597999 0
598000 9.5
598005 9.5
598005.1 0
598999 0
599000 9.5
599005 9.5
599005.1 0
599999 0
600000 9.5
600005 9.5
600005.1 0
600999 0
601000 9.5
601005 9.5
601005.1 0
601999 0
602000 9.5
602005 9.5
602005.1 0
602999 0
603000 9.5
603005 9.5
603005.1 0
603010 0
603010.1 0.25
603999 0.25
604000 9.5
604005 9.5
604005.1 0
604999 0
605000 9.5
605005 9.5
605005.1 0
605999 0
606000 9.5
606005 9.5
606005.1 0
606010 0
606010.1 0.3
606999 0.3
607000 9.5
607005 9.5
607005.1 0
607999 0
608000 9.5
608005 9.5
608005.1 0
608999 0
609000 9.5
609005 9.5
609005.1 0
609010 0
609010.1 0.35
609999 0.35
610000 9.5
610005 9.5
610005.1 0
610999 0
611000 9.5
611005 9.5
611005.1 0
611999 0
612000 9.5
612005 9.5
612005.1 0
612010 0
612010.1 0.4
612999 0.4
613000 9.5
613005 9.5
613005.1 0
613999 0
614000 9.5
614005 9.5
614005.1 0
614999 0
615000 9.5
615005 9.5
615005.1 0
615010 0
615010.1 0.45
615999 0.45
616000 9.5
616005 9.5
616005.1 0
616999 0
617000 9.5
617005 9.5
617005.1 0
617999 0
